1000 2
2.731971733671361 -4.187640200210698
-0.06283019941674672 -4.99960522101908
4.835007438812175 1.2738536284169117
-3.988972197692861 3.0146477084451155
4.993684783030087 0.25122159089884777
-1.5450849718747213 -4.7552825814757735
3.4682665290640378 -3.601545124439522
-3.2591686265043993 3.7918095764436046
-1.8988954776089928 -4.625386034172295
-3.376664040605112 -3.687565586790879
-1.2434494358242796 4.8429158056431545
3.2591686265044073 -3.7918095764435975
1.8988954776090239 -4.625386034172283
3.1628508095656387 -3.8725153009936557
4.537422122705594 -2.100428642059011
-3.623265650935224 -3.4455690419367526
3.9699519932391754 3.0396514884730292
2.35351966082666 4.411456132174768
4.928222975744994 -0.8441672235636493
1.5151763481638656 4.764896707586096
-1.1213538047469116 4.872634363932884
-2.8621606279729606 4.099760546627257
1.2129961539770526 -4.850632982450525
-1.6640977226149185 -4.714952679464328
-3.8923115078351094 -3.1384568064535125
3.852566213878958 -3.187119948743434
-2.436250628626648 -4.3663122740496085
4.1529794959790625 2.784378082440942
1.8113768335227245 4.660355562291056
1.0293130438494251 -4.892904521627356
4.980668045715863 0.439255982753716
4.6133636993505736 1.9279199613869837
-4.5887731284199 -1.985739453173914
1.5749325982765203 4.745480724951474
0.3139525976465819 -4.990133642141357
-3.1628508095656125 -3.872515300993677
-2.5452070787518446 -4.303710135019726
3.9119540528829537 -3.1139389024405455
-0.8441672235636533 -4.928222975744993
4.956538155347536 -0.6578217954613906
-1.334509946601862 -4.818618391450053
1.6936896012264717 -4.704403844771122
-4.613363699350569 -1.9279199613869935
3.4908270949673783 -3.5796824151091418
-4.745480724951476 1.574932598276514
-2.4087683705085645 -4.3815334002193245
4.426156556662275 2.325755390387293
-1.1824949851186297 4.858158664573368
-2.705606260634386 4.20472291149084
-4.992007750544875 0.2825926724101123
-0.9985499025720181 -4.899275261921238
-2.5721976689075183 -4.28763328096827
4.469207120756319 2.2419160804501628
-3.0892980654516777 3.9314421606830896
0.2512215908988623 -4.993684783030087
4.933429721039344 -0.8131858259743953
4.524135262330097 2.1288964578253644
4.858158664573369 1.1824949851186242
-0.21984059158930733 -4.995164673390625
-4.952307128483257 0.6889514534231791
-3.579682415109147 -3.490827094967372
-4.999111761904046 0.09424219857702898
-4.980668045715861 -0.4392559827537256
4.187640200210707 2.7319717336713474
-4.714952679464325 1.6640977226149243
-4.850632982450526 -1.2129961539770486
-3.5355339059327435 3.5355339059327315
4.576205863104587 2.014532178568315
4.099760546627261 2.8621606279729566
-3.162850809565629 3.8725153009936637
-4.9880625318061265 0.34530012857201703
4.725315375899031 -1.6344401482746913
-4.985794501303069 -0.37663402763967285
-4.045084971874729 -2.9389262614623757
4.550529853424987 -2.071877904966402
3.5132498489942594 -3.5576783860464136
-0.03141571982779916 4.9999013042806855
4.899275261921234 0.9985499025720357
-4.968056552600041 -0.5642819243674192
-3.644843137107048 -3.422735529643453
1.66409772261495 -4.714952679464316
2.100428642059049 -4.537422122705577
4.135402871372808 2.8104168892606545
3.113938902440579 -3.911954052882928
4.350918773347639 -2.4636367077414394
4.842915805643155 1.243449435824275
3.16285080956562 3.872515300993671
4.826908194166376 -1.304207531449462
-4.1176629881421425 2.8363447456337747
-4.704403844771123 -1.693689601226468
-2.810416889260659 4.135402871372805
-2.9895249152875847 -4.007834924354389
3.2352798078472365 -3.8122125550572266
4.350918773347628 2.4636367077414594
-1.811376833522713 -4.660355562291061
2.269952498697749 -4.455032620941831
-5.244953423338945e-15 5.0
-4.9984209464165 0.12565047721667574
-2.1288964578253697 4.524135262330095
4.045084971874736 2.9389262614623672
-3.113938902440552 -3.911954052882949
-3.708708863693688 -3.3534278826836097
1.0600355496102682 4.886340617840968
-4.27138715849647 -2.5990867131035573
1.6845083294641988e-14 -5.0
-4.993684783030088 0.2512215908988372
-0.09424219857704583 4.999111761904045
-2.3257553903872976 4.4261565566622725
2.7843780824409565 -4.152979495979052
4.879583809693736 1.0907162069827134
4.755282581475774 -1.545084971874717
2.938926261462383 -4.045084971874725
-4.6372257666733105 1.869796028688993
0.8441672235636865 -4.928222975744988
-4.625386034172294 1.8988954776089968
3.1384568064535174 -3.892311507835105
2.1572802284048134 -4.510669796841006
2.83634474563378 4.117662988142139
-4.922821672646025 -0.8751152948763913
3.3065593266182574 3.7505553481522997
-1.545084971874743 4.755282581475766
-3.4908270949673694 3.5796824151091506
0.8751152948763747 4.922821672646028
4.4970262578318545 2.185578833254666
3.8725153009936673 3.162850809565624
-0.564281924367392 -4.968056552600044
2.1855788332546613 4.497026257831857
-4.8795838096937345 -1.0907162069827234
-4.440682244067717 -2.297899303107451
-4.917226024976646 -0.906028818135698
4.8795838096937425 -1.0907162069826906
-2.5990867131035356 -4.271387158496483
-4.971503951984996 0.5330557713762892
-3.4908270949673543 -3.579682415109165
4.974755084906503 -0.5018085742560534
4.960573506572392 -0.6266661678214969
-4.135402871372815 2.810416889260645
4.335353505822449 2.4909255266974557
4.992007750544875 0.28259267241012265
-3.513249848994252 3.557678386046421
-1.2738536284169168 4.835007438812174
0.4079530578407826 4.98332964017015
-4.997532801828658 0.15705379539063008
-1.7232146158725916 4.693669288269368
0.15705379539063533 4.997532801828658
-4.660355562291059 1.8113768335227187
4.221639627510074 2.679133974894985
-4.613363699350578 1.9279199613869742
-4.550529853424974 -2.0718779049664304
4.783560257794152 1.4551808341413603
3.330059337171274 -3.729705727120897
2.3257553903872887 4.426156556662278
-1.6344401482746993 -4.7253153758990285
4.714952679464329 -1.6640977226149143
-4.755282581475765 -1.545084971874747
-4.3509187733476224 -2.4636367077414683
-3.422735529643433 -3.6448431371070673
1.4250963123498959 -4.792608945086875
-4.835007438812172 -1.2738536284169208
4.04508497187475 -2.9389262614623486
2.5721976689075294 4.287633280968263
2.8878635171113354 4.081696253585921
1.7526716009562906 4.682749433740963
3.445569041936757 -3.6232656509352195
-4.774322723733218 1.485207907885164
-0.7511279456037913 4.943258723689569
-2.213791155194496 -4.483205183926185
-4.947880593013253 -0.7200539127612706
1.8406227634234078 -4.64888242944125
-3.6015451244395247 -3.4682665290640347
-1.3042075314494908 4.826908194166368
0.47054156659259005 -4.977809823015399
-4.319617085964182 2.518116008178795
-4.810138357930426 -1.3647596775866369
-1.9568683341859998 -4.601159236829357
-0.34530012857201287 -4.988062531806127
2.2978993031074357 4.440682244067725
-0.031415719827780395 -4.9999013042806855
0.5330557713763185 -4.971503951984992
4.62538603417229 1.898895477609007
-4.152979495979069 2.784378082440932
4.842915805643162 -1.243449435824251
-3.6015451244395407 3.4682665290640182
0.5330557713762945 4.971503951984995
4.943258723689573 -0.7511279456037621
1.1824949851186184 4.858158664573371
-3.7087088636937016 3.3534278826835937
-4.774322723733212 -1.4852079078851863
-1.840622763423396 4.6488824294412545
-4.783560257794155 1.4551808341413484
3.5355339059327355 3.5355339059327395
-4.9523071284832545 -0.6889514534231999
-2.67913397489499 4.221639627510071
-1.0907162069827183 4.879583809693735
-2.4362506286266683 4.366312274049597
-4.287633280968267 2.5721976689075237
-4.9747550849065 -0.5018085742560847
0.595485800474343 4.964413022849069
4.810138357930436 -1.3647596775866044
2.4909255266974704 -4.33535350582244
0.34530012857202336 4.9880625318061265
3.5796824151091537 3.4908270949673654
2.938926261462363 4.045084971874739
-1.7820593935662397 -4.671644712283066
1.2129961539770324 4.850632982450531
4.563457937017524 -2.043245373681724
-0.9369065729286057 -4.911436253643447
4.899275261921239 -0.9985499025720141
-2.1572802284048014 4.510669796841011
4.238389680425428 -2.652555921533652
-3.644843137107063 3.422735529643438
3.6875655867908677 3.3766640406051245
-3.2829287787647883 3.7712569036805137
-3.445569041936748 3.623265650935228
-2.014532178568302 -4.576205863104593
4.971503951984994 0.5330557713762998
1.6640977226149292 4.714952679464323
-0.4705415665925566 -4.977809823015401
-4.23838968042541 -2.65255592153368
-4.977809823015399 -0.47054156659258156
-2.2419160804501668 4.469207120756316
2.128896457825379 -4.52413526233009
1.8697960286890183 -4.6372257666733
-2.3811910183396816 -4.396581550952789
-4.682749433740957 -1.7526716009563064
-0.5954858004743347 -4.964413022849071
4.9999013042806855 0.03141571982779476
4.996447363202947 -0.18845091334964886
-3.5576783860464327 3.51324984899424
-4.974755084906502 0.5018085742560638
-4.625386034172286 -1.8988954776090161
4.872634363932885 1.1213538047469067
-4.537422122705589 2.1004286420590224
2.463636707741455 4.35091877334763
-2.731971733671333 -4.1876402002107165
4.764896707586101 -1.5151763481638474
-2.2978993031074264 -4.440682244067729
-2.7319717336713505 4.187640200210705
-1.0293130438494127 4.89290452162736
-4.996447363202947 0.18845091334966158
-3.7505553481523037 3.3065593266182525
-1.0293130438493923 -4.892904521627363
3.7505553481522957 3.3065593266182614
4.858158664573375 -1.1824949851186
0.6889514534232084 -4.952307128483254
-4.960573506572388 -0.6266661678215325
2.989524915287592 4.007834924354385
1.6344401482747082 4.725315375899026
4.510669796841023 -2.1572802284047747
2.5990867131035644 -4.2713871584964656
-3.557678386046418 -3.513249848994255
-4.411456132174771 2.353519660826654
4.660355562291063 -1.811376833522709
4.745480724951473 1.574932598276525
3.4455690419367406 3.623265650935235
-3.014647708445129 3.9889721976928505
-2.1855788332546715 4.497026257831852
4.977809823015402 -0.47054156659254803
-2.5181160081787937 -4.319617085964183
-4.91722602497665 0.9060288181356753
-4.9857945013030704 0.37663402763965187
-4.601159236829355 1.9568683341860038
-4.826908194166372 1.3042075314494745
0.28259267241011754 4.992007750544875
-4.826908194166367 -1.3042075314494948
-4.933429721039342 0.8131858259744079
-2.043245373681732 -4.56345793701752
3.9119540528829395 3.1139389024405646
-0.15705379539064696 4.997532801828657
0.2825926724101396 -4.992007750544874
-2.784378082440946 4.15297949597906
-2.1855788332546506 -4.4970262578318625
-2.625873149806485 4.2549724089734555
4.396581550952781 2.381191018339697
-4.187640200210701 -2.7319717336713563
-3.872515300993661 -3.162850809565632
-4.9228216726460285 0.8751152948763685
-0.4079530578407722 -4.98332964017015
-4.980668045715863 0.4392559827537047
-2.381191018339702 4.396581550952778
-0.7200539127612665 4.947880593013254
-4.563457937017518 2.043245373681736
-1.2434494358242594 -4.842915805643159
-3.46826652906403 3.601545124439529
4.993684783030089 -0.2512215908988245
-4.993684783030087 -0.25122159089885815
3.187119948743464 -3.852566213878934
4.026539428555621 -2.964284100805281
-4.081696253585913 -2.887863517111348
-4.483205183926174 -2.2137911551945186
2.518116008178819 -4.319617085964168
4.3815334002193165 2.408768370508578
-1.6047180490360538 4.735491524973719
4.911436253643448 -0.9369065729286017
-4.063470822165475 2.9134523983428733
2.2137911551945044 4.483205183926181
-4.007834924354375 -2.9895249152876047
2.26995249869773 4.455032620941841
4.3663122740496005 2.436250628626663
4.983329640170152 -0.40795305784076363
-4.510669796841009 -2.1572802284048054
0.6266661678215157 4.9605735065723895
-0.6266661678215053 -4.960573506572391
4.704403844771127 1.6936896012264582
4.938441702975692 -0.7821723252011336
3.623265650935231 3.445569041936744
4.30371013501973 -2.5452070787518366
3.7712569036805332 -3.282928778764766
1.8113768335227443 -4.660355562291048
3.376664040605138 -3.687565586790855
4.67164471228306 1.7820593935662545
-3.3300593371712486 -3.7297057271209195
1.9279199613869993 -4.613363699350567
2.887863517111355 -4.081696253585908
2.6791339748949987 -4.221639627510065
4.440682244067734 -2.297899303107419
1.9568683341860085 4.6011592368293535
-4.9432587236895715 0.7511279456037746
4.999111761904046 -0.09424219857701849
-4.2216396275100685 -2.6791339748949934
1.2434494358242694 4.842915805643156
4.170392168065855 2.7582293531421525
-0.1256504772166716 -4.9984209464165
4.099760546627273 -2.8621606279729384
3.9507750618784505 3.0645352682648843
1.334509946601873 4.81861839145005
4.938441702975688 0.7821723252011548
4.455032620941849 -2.269952498697715
0.7821723252011491 4.938441702975689
-4.98332964017015 0.40795305784077635
-1.5749325982765103 -4.745480724951477
-3.6232656509352386 3.4455690419367366
-4.995164673390623 -0.21984059158933464
1.6047180490360429 4.735491524973723
3.5132498489942443 3.5576783860464283
4.601159236829352 1.9568683341860131
-1.3042075314494705 -4.826908194166373
0.09424219857705629 -4.999111761904045
4.735491524973728 -1.604718049036028
-1.12135380474689 -4.87263436393289
-0.4392559827537215 4.980668045715862
-3.6662767311128053 3.39976689361209
-2.1572802284047827 -4.51066979684102
-3.0892980654516595 -3.931442160683104
4.917226024976648 0.9060288181356874
4.87263436393289 -1.121353804746886
0.25122159089884244 4.993684783030088
-4.792608945086877 -1.4250963123498916
1.4551808341413766 -4.783560257794147
4.892904521627365 -1.0293130438493838
-1.8697960286889872 -4.637225766673312
-1.3647596775866129 -4.810138357930434
-4.22163962751008 2.6791339748949756
-4.4832051839261835 2.2137911551944995
4.983329640170149 0.40795305784078784
-0.688951453423175 -4.952307128483258
4.1703921680658675 -2.758229353142134
0.21984059158931893 4.995164673390624
-4.971503951984993 -0.53305577137631
0.9060288181356815 4.9172260249766495
4.997532801828658 -0.1570537953906196
2.625873149806476 4.254972408973461
0.03141571982780964 -4.9999013042806855
4.026539428555608 2.9642841008052985
-2.4909255266974597 4.3353535058224475
-0.5330557713762851 -4.971503951984996
-0.34530012857203385 4.988062531806126
4.90545258721667 0.9677473402543019
2.964284100805312 -4.026539428555599
4.810138357930429 1.3647596775866269
-4.818618391450046 -1.3345099466018882
0.8441672235636646 4.9282229757449905
2.8621606279729694 -4.099760546627252
-4.755282581475771 1.545084971874727
2.625873149806494 -4.254972408973449
-1.3949555301961523 4.801468428384713
-2.8878635171113443 4.081696253585915
4.550529853424978 2.071877904966422
0.6266661678215388 -4.960573506572387
3.399766893612094 3.666276731112802
-4.081696253585925 2.887863517111331
-2.043245373681751 4.563457937017511
0.7200539127612561 4.947880593013256
4.637225766673306 1.8697960286890036
-4.381533400219312 -2.4087683705085867
0.6889514534231854 4.952307128483257
4.992007750544876 -0.28259267241010183
-2.8621606279729415 -4.09976054662727
-1.0600355496102785 4.8863406178409665
-0.28259267241012803 4.992007750544875
4.99960522101908 0.06283019941676304
-3.259168626504385 -3.7918095764436166
-4.714952679464319 -1.6640977226149438
-3.8525662138789514 3.1871199487434425
-4.858158664573367 -1.1824949851186348
-3.0645352682648888 3.950775061878447
4.999605221019081 -0.06283019941673815
-4.648882429441261 1.8406227634233805
-0.25122159089883306 -4.993684783030089
-2.9642841008052843 -4.026539428555618
3.892311507835129 -3.1384568064534872
-1.9857394531738892 -4.588773128419912
-2.0145321785683197 4.576205863104585
-4.996447363202946 -0.18845091334968256
4.68274943374097 -1.752671600956275
2.071877904966436 -4.550529853424971
3.11393890244056 3.911954052882942
2.8621606279729517 4.099760546627263
-0.18845091334965744 -4.996447363202947
-4.170392168065849 -2.7582293531421618
1.6047180490360637 -4.735491524973716
4.865492554910638 -1.1519471333829314
-4.947880593013256 0.7200539127612499
-3.513249848994237 -3.557678386046436
-4.303710135019723 2.5452070787518477
-4.7044038447711305 1.6936896012264482
1.0907162069827079 4.879583809693738
1.3345099466018944 -4.818618391450044
4.007834924354381 2.989524915287596
2.100428642059028 4.537422122705586
1.3647596775866218 4.81013835793043
-4.204722911490839 -2.7056062606343896
2.213791155194526 -4.48320518392617
-4.6936692882693665 -1.7232146158725967
-2.9642841008053034 4.026539428555605
-3.3766640406051285 3.6875655867908637
-4.588773128419909 1.985739453173895
4.82690819416637 1.3042075314494856
-3.0146477084451124 -3.9889721976928634
0.8751152948763954 -4.922821672646024
4.204722911490856 -2.705606260634361
0.5018085742560691 4.974755084906501
4.905452587216675 -0.9677473402542779
-4.96441302284907 0.5954858004743366
0.813185825974413 4.933429721039341
4.204722911490844 2.7056062606343807
-0.9677473402542863 -4.905452587216673
2.3535196608266804 -4.411456132174757
-2.0718779049664056 -4.550529853424986
-2.353519660826669 4.411456132174763
3.750555348152311 -3.3065593266182445
0.0628301994167804 -4.99960522101908
-2.6258731498064654 -4.254972408973467
-0.15705379539062372 -4.997532801828658
-4.8992752619212325 -0.998549902572045
4.99013364214136 -0.31395259764654415
4.117662988142136 2.8363447456337845
4.764896707586094 1.515176348163871
3.7918095764436224 -3.259168626504379
-4.842915805643154 -1.2434494358242838
-3.353427882683591 -3.7087088636937042
-0.998549902572041 4.899275261921233
4.774322723733214 1.4852079078851756
-4.350918773347633 2.4636367077414505
-0.6578217954614176 4.956538155347532
1.723214615872581 4.693669288269372
-4.287633280968255 -2.5721976689075414
4.801468428384721 -1.394955530196127
4.13540287137282 -2.8104168892606363
4.792608945086879 1.4250963123498817
-3.064535268264872 -3.95077506187846
2.9134523983428955 -4.063470822165459
-3.1871199487434554 3.8525662138789407
4.33535350582246 -2.490925526697438
4.865492554910633 1.1519471333829536
-0.9060288181356713 -4.917226024976651
3.3534278826836146 -3.7087088636936834
4.660355562291054 1.8113768335227298
2.81041688926065 4.135402871372811
-3.9507750618784576 3.0645352682648754
3.353427882683598 3.7087088636936976
1.6936896012264533 4.704403844771129
4.69366928826937 1.7232146158725863
-4.783560257794149 -1.4551808341413706
-4.117662988142131 -2.836344745633792
-2.652555921533677 4.238389680425413
-3.911954052882933 -3.113938902440572
4.5762058631045965 -2.014532178568294
-0.3766340276396456 -4.9857945013030704
-3.1871199487434376 -3.852566213878955
0.9060288181357044 -4.917226024976645
-4.990133642141357 -0.3139525976465778
-4.455032620941833 -2.2699524986977453
2.4362506286266776 -4.366312274049592
-4.956538155347535 0.657821795461401
2.2419160804501583 4.46920712075632
-0.43925598275369837 -4.980668045715864
-1.9279199613869682 -4.61336369935058
-0.3766340276396687 4.985794501303069
2.7582293531421653 -4.170392168065846
-2.7582293531421564 4.1703921680658524
-0.8131858259744235 4.93342972103934
2.0145321785683286 -4.576205863104581
-4.469207120756323 2.241916080450154
4.952307128483256 0.6889514534231909
-4.660355562291051 -1.8113768335227385
4.922821672646027 0.8751152948763807
4.287633280968271 -2.572197668907515
-4.9999013042806855 -0.03141571982780551
3.2829287787647976 -3.7712569036805057
-0.6578217954613947 -4.956538155347535
4.988062531806127 -0.3453001285720043
-4.9999013042806855 0.03141571982778231
-4.6936692882693745 1.7232146158725747
-3.3534278826836066 3.7087088636936905
-4.905452587216673 0.9677473402542903
0.09424219857703532 4.999111761904046
-2.1004286420590184 -4.537422122705591
-3.2112632658829128 -3.832465034046757
2.5181160081788008 4.319617085964179
-4.53742212270558 -2.1004286420590415
-2.652555921533659 -4.238389680425423
0.9985499025720512 -4.899275261921231
3.2352798078472196 3.812212555057241
4.947880593013258 -0.7200539127612394
-4.187640200210713 2.7319717336713385
4.39658155095279 -2.381191018339678
3.9889721976928536 3.0146477084451258
4.671644712283069 -1.7820593935662319
-3.30655932661825 -3.7505553481523064
2.572197668907547 -4.287633280968252
1.7820593935662496 4.6716447122830616
2.8104168892606674 -4.135402871372799
1.2738536284169066 4.835007438812177
4.6133636993505815 -1.9279199613869644
-0.4079530578407931 4.983329640170149
0.9677473402542967 4.905452587216671
-4.995164673390624 0.21984059158931368
3.0146477084451213 3.9889721976928567
1.1213538047469014 4.872634363932887
-1.6936896012264628 4.704403844771125
-3.7505553481522895 -3.3065593266182685
-3.468266529064015 -3.6015451244395438
2.071877904966417 4.55052985342498
-3.235279807847211 -3.8122125550572483
0.5642819243674035 4.968056552600043
-3.8923115078351223 3.1384568064534957
3.37666404060512 3.687565586790871
-3.3300593371712646 3.729705727120905
2.7056062606343763 4.2047229114908475
2.4909255266974513 4.335353505822452
-4.96057350657239 0.6266661678215095
-4.510669796841018 2.1572802284047867
3.330059337171256 3.729705727120913
-3.6662767311127906 -3.3997668936121057
-3.911954052882946 3.1139389024405557
3.8525662138789447 3.1871199487434505
-2.9134523983428866 4.063470822165465
-4.366312274049595 -2.436250628626672
-4.303710135019712 -2.5452070787518677
0.720053912761277 -4.947880593013252
3.0146477084451395 -3.9889721976928434
-4.835007438812178 1.2738536284169006
4.271387158496488 -2.5990867131035285
4.952307128483259 -0.6889514534231665
4.588773128419914 -1.9857394531738852
2.7582293531421485 4.170392168065858
-0.844167223563675 4.928222975744989
-1.5749325982765303 4.745480724951471
3.7918095764436073 3.2591686265043958
1.8988954776090015 4.625386034172292
-3.235279807847227 3.8122125550572346
-2.8104168892606394 -4.135402871372818
-3.852566213878938 -3.187119948743459
-4.928222975744989 -0.8441672235636801
2.5452070787518535 4.3037101350197196
-4.6372257666733026 -1.8697960286890125
-2.836344745633789 4.117662988142133
-1.8697960286890085 4.637225766673304
-4.899275261921236 0.9985499025720245
4.911436253643443 0.9369065729286237
2.0145321785683095 4.576205863104589
-1.9857394531739094 4.588773128419903
-0.25122159089885293 4.993684783030087
4.303710135019717 2.5452070787518584
-3.399766893612103 3.666276731112794
4.995164673390623 0.2198405915893245
2.157280228404791 4.510669796841016
-2.463636707741465 4.350918773347624
4.0816962535859185 2.88786351711134
3.931442160683107 -3.089298065451657
4.714952679464322 1.6640977226149345
4.238389680425415 2.652555921533672
-4.1354028713728015 -2.8104168892606642
-4.7253153758990205 -1.634440148274723
-3.3997668936120857 -3.6662767311128097
-2.2419160804501477 -4.469207120756326
-2.1004286420590375 4.537422122705582
0.40795305784080577 -4.9833296401701475
3.089298065451686 -3.931442160683083
-1.4852079078851579 -4.77432272373322
-4.9384417029756875 -0.7821723252011646
3.5355339059327524 -3.5355339059327227
-4.8654925549106345 1.1519471333829436
1.7820593935662712 -4.671644712283054
-4.801468428384718 1.394955530196137
1.4551808341413544 4.783560257794154
4.4692071207563275 -2.241916080450144
-4.99960522101908 0.06283019941675086
-5.0 -1.048990684667789e-14
-1.1824949851186082 -4.858158664573374
1.304207531449503 -4.826908194166364
-2.5181160081788097 4.319617085964174
3.306559326618273 -3.750555348152286
4.997532801828658 0.15705379539064146
-4.455032620941844 2.2699524986977244
-4.892904521627358 -1.0293130438494167
0.6578217954614074 4.956538155347533
4.36631227404961 -2.4362506286266443
-1.394955530196131 -4.8014684283847195
4.985794501303071 -0.3766340276396414
-4.7648967075860975 1.5151763481638594
1.9857394531738999 4.588773128419907
-2.269952498697723 -4.455032620941845
2.4087683705085943 -4.381533400219308
-0.6266661678215262 4.960573506572389
4.956538155347533 0.6578217954614128
4.886340617840972 -1.060035549610253
-1.1519471333829396 -4.865492554910636
2.185578833254681 -4.497026257831847
4.917226024976653 -0.9060288181356628
-1.9279199613869884 4.613363699350572
-1.898895477609011 4.625386034172288
4.537422122705584 2.1004286420590326
-2.408768370508583 4.381533400219314
0.47054156659256596 4.9778098230154
0.4392559827537319 -4.980668045715861
-2.297899303107445 4.44068224406772
2.5990867131035444 4.271387158496477
4.850632982450534 -1.212996153977016
-1.4250963123498868 4.792608945086878
0.5954858004743637 -4.964413022849066
-3.113938902440569 3.9119540528829355
4.892904521627361 1.0293130438494074
-3.138456806453491 -3.8923115078351267
0.4392559827537099 4.980668045715863
3.2591686265043918 3.791809576443611
-1.7526716009562833 -4.682749433740966
-4.990133642141358 0.31395259764655464
3.8725153009936824 -3.1628508095656063
-4.8726343639328835 -1.1213538047469167
3.9889721976928687 -3.0146477084451058
1.927919961386979 4.613363699350575
1.0293130438494014 4.8929045216273614
-4.943258723689569 -0.7511279456037954
-3.771256903680511 -3.282928778764791
2.6525559215336876 -4.238389680425405
4.9880625318061265 0.3453001285720291
3.579682415109171 -3.490827094967348
-4.601159236829347 -1.956868334186023
2.3811910183396927 4.396581550952783
3.1871199487434465 3.852566213878948
-1.7232146158725707 -4.693669288269376
-3.4227355296434485 3.6448431371070527
-0.6889514534231957 4.952307128483255
-3.9507750618784447 -3.064535268264892
-4.381533400219323 2.408768370508568
2.9895249152876078 -4.0078349243543725
-0.5018085742560575 -4.974755084906502
4.83500743881218 -1.2738536284168902
-1.7820593935662594 4.671644712283058
-3.9699519932391687 -3.039651488473038
-3.039651488473033 3.9699519932391727
0.782172325201171 -4.938441702975686
3.6448431371070553 3.4227355296434454
-2.2137911551945146 4.483205183926176
-2.758229353142141 -4.170392168065863
-1.2738536284168944 -4.8350074388121795
-0.2198405915893294 4.995164673390623
-4.997532801828657 -0.15705379539065106
3.0645352682648803 3.9507750618784536
4.637225766673314 -1.8697960286889834
-4.725315375899028 1.634440148274703
-4.850632982450532 1.2129961539770262
-4.563457937017509 -2.043245373681757
3.468266529064023 3.601545124439536
4.187640200210719 -2.7319717336713296
-4.026539428555602 -2.9642841008053065
1.7526716009563104 -4.682749433740955
3.0892980654516693 3.9314421606830963
1.3949555301961634 -4.801468428384711
4.063470822165469 2.913452398342882
0.37663402763965825 4.9857945013030704
3.9699519932391887 -3.0396514884730106
-2.463636707741447 -4.350918773347635
4.682749433740962 1.7526716009562961
4.947880593013255 0.7200539127612613
-2.3535196608266507 -4.411456132174773
4.996447363202946 0.1884509133496727
-0.5954858004743545 4.964413022849067
4.648882429441265 -1.8406227634233685
-2.7056062606343683 -4.204722911490853
-1.9568683341860182 4.601159236829349
-4.440682244067728 2.29789930310743
4.98579450130307 0.37663402763966375
-3.8725153009936744 3.162850809565616
-4.99960522101908 -0.06283019941677184
-4.792608945086882 1.4250963123498717
-4.254972408973464 2.6258731498064707
4.411456132174766 2.3535196608266644
-4.335353505822455 2.490925526697447
-4.93844170297569 0.7821723252011439
-4.271387158496481 2.5990867131035396
-2.5990867131035533 4.271387158496472
-4.152979495979055 -2.7843780824409508
4.818618391450048 1.3345099466018786
4.990133642141358 0.31395259764656686
-4.818618391450052 1.3345099466018682
4.792608945086886 -1.4250963123498595
-0.5330557713763049 4.971503951984994
2.7056062606343967 -4.204722911490834
4.063470822165481 -2.9134523983428644
1.48520790788519 -4.77432272373321
-4.735491524973725 1.604718049036038
2.836344745633799 -4.117662988142126
-4.550529853424983 2.0718779049664113
0.9369065729286181 4.911436253643444
-2.325755390387277 -4.426156556662283
-1.8406227634233765 -4.6488824294412625
-2.9389262614623557 -4.045084971874744
-3.579682415109162 3.490827094967357
-1.8113768335227345 4.660355562291053
0.9985499025720307 4.899275261921235
4.9778098230154 0.47054156659257174
-4.9114362536434415 -0.9369065729286326
4.510669796841014 2.157280228404796
1.182494985118641 -4.858158664573366
-2.784378082440928 -4.152979495979071
2.731971733671342 4.18764020021071
4.11766298814215 -2.836344745633764
4.971503951984997 -0.5330557713762766
3.6662767311128124 -3.3997668936120826
-4.17039216806586 2.758229353142144
-4.964413022849067 -0.5954858004743597
4.601159236829361 -1.9568683341859923
-4.956538155347532 -0.6578217954614218
4.081696253585933 -2.8878635171113203
-4.335353505822444 -2.490925526697465
-0.5018085742560795 4.9747550849065005
3.4227355296434565 -3.6448431371070455
4.850632982450529 1.2129961539770377
4.704403844771135 -1.6936896012264362
-4.045084971874743 2.938926261462359
1.2738536284169268 -4.8350074388121715
4.999111761904045 0.09424219857704087
3.931442160683093 3.0892980654516737
-4.977809823015401 0.47054156659256063
3.950775061878465 -3.064535268264865
-2.9895249152876 4.007834924354379
-4.524135262330102 2.1288964578253546
-0.564281924367414 4.968056552600041
-4.524135262330093 -2.1288964578253737
-4.842915805643158 1.2434494358242634
-0.282592672410106 -4.992007750544876
-4.426156556662271 -2.325755390387301
-1.5151763481638756 4.764896707586092
-2.128896457825349 -4.5241352623301045
0.34530012857204645 -4.988062531806125
1.3647596775866448 -4.810138357930424
2.4087683705085725 4.38153340021932
-0.7200539127612436 -4.947880593013258
-4.911436253643445 0.9369065729286119
3.5576783860464403 -3.5132498489942323
4.9806680457158645 -0.43925598275369426
2.545207078751873 -4.303710135019708
1.545084971874733 4.755282581475769
-0.9369065729286286 4.911436253643442
4.152979495979076 -2.7843780824409214
1.151947133382968 -4.865492554910629
-0.1256504772166926 4.9984209464165
1.98573945317392 -4.5887731284198985
-4.88634061784097 1.0600355496102631
4.9747550849065005 0.5018085742560747
-3.6875655867908606 -3.3766640406051316
3.4227355296434414 3.6448431371070593
3.4908270949673614 3.5796824151091577
-4.810138357930432 1.3647596775866166
-2.5721976689075383 4.287633280968258
-1.7526716009563006 4.68274943374096
3.7087088636936945 3.353427882683602
1.8697960286889979 4.637225766673309
-4.007834924354388 2.9895249152875882
-4.892904521627362 1.0293130438493963
2.325755390387307 -4.426156556662268
-3.7918095764436 -3.2591686265044046
2.241916080450178 -4.469207120756311
-1.151947133382959 4.865492554910632
1.3042075314494797 4.8269081941663705
1.5151763481638878 -4.764896707586088
-3.8122125550572306 -3.2352798078472316
-3.039651488473014 -3.9699519932391865
3.8324650340467628 -3.211263265882906
2.4362506286266585 4.366312274049602
-3.535533905932729 -3.5355339059327466
-4.988062531806125 -0.3453001285720402
4.968056552600042 0.5642819243674086
-4.026539428555615 2.9642841008052896
-4.801468428384712 -1.3949555301961571
-1.3647596775866315 4.810138357930428
2.128896457825359 4.524135262330099
-4.886340617840965 -1.0600355496102836
4.4550326209418385 2.2699524986977355
-0.9060288181356918 4.917226024976648
2.3811910183397114 -4.396581550952773
-1.334509946601883 4.8186183914500464
4.319617085964187 -2.518116008178786
4.9984209464165 0.1256504772166874
0.1884509133496668 4.996447363202947
-0.8751152948763862 4.922821672646026
0.8131858259744371 -4.933429721039337
4.9984209464165 -0.12565047721666303
2.67913397489498 4.221639627510077
4.221639627510086 -2.6791339748949667
-2.4909255266974415 -4.335353505822458
1.4250963123498765 4.792608945086881
-1.090716206982699 -4.87958380969374
-4.4261565566622805 2.325755390387283
0.18845091334969113 -4.996447363202946
0.31395259764656097 4.990133642141358
-4.497026257831859 2.1855788332546564
-3.687565586790875 3.3766640406051165
2.6525559215336667 4.238389680425419
-4.0634708221654625 -2.9134523983428906
4.411456132174777 -2.3535196608266427
-3.445569041936732 -3.623265650935243
-4.671644712283064 1.7820593935662434
4.426156556662286 -2.3257553903872736
0.06283019941675722 4.99960522101908
-0.7511279456037705 -4.943258723689572
3.3997668936121106 -3.666276731112787
-1.6936896012264444 -4.704403844771131
-1.4250963123498677 -4.792608945086883
-4.099760546627267 2.862160627972947
-1.4551808341413655 4.78356025779415
4.497026257831863 -2.185578833254647
3.812212555057254 -3.2352798078472045
3.6875655867908836 -3.3766640406051067
0.5642819243674255 -4.96805655260004
-3.832465034046741 -3.2112632658829323
-4.366312274049605 2.4362506286266536
4.588773128419906 1.9857394531739045
3.729705727120909 3.33005933717126
4.6253860341722985 -1.898895477608985
3.039651488473025 3.9699519932391785
-4.396581550952786 2.3811910183396874
-2.2699524986977395 4.455032620941837
0.7511279456037798 4.943258723689571
4.7743227237332215 -1.485207907885154
1.394955530196142 4.801468428384716
-0.8131858259744038 -4.933429721039343
3.6232656509352457 -3.4455690419367295
-4.858158664573373 1.1824949851186122
4.922821672646031 -0.8751152948763581
-0.9677473402543069 4.905452587216669
-4.992007750544874 -0.2825926724101333
-4.983329640170149 -0.4079530578407972
4.648882429441256 1.8406227634233914
3.601545124439548 -3.4682665290640107
-0.3139525976465726 4.990133642141357
3.6015451244395322 3.468266529064027
3.5576783860464243 3.5132498489942483
0.3766340276396791 -4.985794501303069
4.271387158496474 2.599086713103549
4.254972408973458 2.6258731498064805
3.2112632658829354 -3.832465034046738
-0.0628301994167677 4.99960522101908
3.7087088636937087 -3.353427882683586
4.563457937017513 2.0432453736817466
-3.9699519932391825 3.039651488473019
-4.254972408973453 -2.6258731498064884
4.693669288269379 -1.7232146158725627
-3.729705727120902 -3.3300593371712672
3.8122125550572377 3.235279807847223
-4.576205863104592 2.0145321785683032
3.0396514884730412 -3.9699519932391656
2.297899303107456 -4.440682244067714
4.319617085964175 2.5181160081788057
4.440682244067721 2.2978993031074406
-3.771256903680525 3.2829287787647754
-2.8363447456337716 -4.117662988142145
2.0432453736817418 4.563457937017516
-4.648882429441253 -1.8406227634233998
-4.671644712283057 -1.7820593935662632
3.28292877876478 3.771256903680521
1.7232146158726025 -4.693669288269364
5.0 0.0
3.666276731112798 3.3997668936120977
2.0432453736817626 -4.563457937017506
4.968056552600045 -0.5642819243673879
0.9677473402543193 -4.905452587216667
3.2112632658829194 3.8324650340467508
3.729705727120925 -3.3300593371712424
2.7843780824409374 4.152979495979065
-4.396581550952775 -2.3811910183397056
-2.887863517111327 -4.081696253585927
4.9644130228490715 -0.5954858004743262
-1.2129961539770426 4.850632982450528
0.7511279456038038 -4.943258723689567
0.031415719827788666 4.9999013042806855
-0.1884509133496773 4.996447363202946
-4.999111761904045 -0.09424219857704995
-4.928222975744992 0.8441672235636595
4.483205183926179 2.2137911551945093
-4.9984209464165 -0.12565047721669673
-3.9889721976928474 -3.0146477084451337
-3.9314421606831003 3.0892980654516644
-4.74548072495147 -1.574932598276534
1.2434494358242918 -4.842915805643151
4.94325872368957 0.7511279456037857
4.995164673390625 -0.2198405915893032
-4.2383896804254215 2.6525559215336623
1.0600355496102898 -4.886340617840964
4.381533400219329 -2.4087683705085574
4.483205183926189 -2.2137911551944884
-1.21299615397702 -4.850632982450533
4.287633280968261 2.572197668907534
-0.47054156659257634 4.9778098230153995
-0.3139525976465527 -4.990133642141359
-0.7821723252011594 4.9384417029756875
4.74548072495148 -1.5749325982765021
3.0645352682648985 -3.9507750618784394
3.6448431371070718 -3.4227355296434285
4.9999013042806855 -0.031415719827771825
-4.49702625783185 -2.185578833254675
4.818618391450054 -1.334509946601858
-4.86549255491063 -1.151947133382964
1.0907162069827316 -4.879583809693733
-1.6344401482747182 4.725315375899022
-2.071877904966427 4.550529853424975
-1.6640977226149392 4.714952679464321
2.964284100805294 4.026539428555612
2.9134523983428773 4.063470822165472
-1.6047180490360318 -4.735491524973726
0.1256504772166821 4.9984209464165
0.9369065729286388 -4.911436253643441
-0.8751152948763665 -4.922821672646029
-4.933429721039339 -0.8131858259744286
1.48520790788517 4.774322723733216
3.1384568064535 3.892311507835119
-2.913452398342868 -4.0634708221654785
1.545084971874753 -4.755282581475763
4.964413022849069 0.595485800474349
-4.411456132174761 -2.3535196608266724
-4.682749433740965 1.7526716009562848
4.801468428384715 1.3949555301961472
1.956868334186027 -4.6011592368293455
4.886340617840967 1.0600355496102738
-3.3065593266182653 3.750555348152292
-3.8324650340467543 3.211263265882916
-3.8122125550572457 3.2352798078472143
-3.7297057271209164 3.3300593371712517
-2.5452070787518624 4.303710135019715
-3.931442160683087 -3.089298065451681
1.121353804746923 -4.872634363932882
0.1256504772167053 -4.9984209464165
-4.099760546627254 -2.8621606279729637
4.007834924354396 -2.989524915287578
0.5018085742560909 -4.9747550849065
-4.31961708596417 -2.518116008178815
4.9334297210393405 0.8131858259744185
4.524135262330106 -2.128896457825345
4.783560257794159 -1.4551808341413361
-4.7354915249737175 -1.6047180490360577
-4.576205863104582 -2.0145321785683246
0.219840591589341 -4.995164673390623
3.8923115078351156 3.1384568064535046
-1.48520790788518 4.7743227237332135
-1.060035549610257 -4.886340617840971
-4.20472291149085 2.7056062606343723
-4.87958380969374 1.090716206982703
0.657821795461428 -4.9565381553475305
-4.872634363932888 1.1213538047468965
-4.469207120756313 -2.241916080450172
-0.7821723252011377 -4.938441702975691
4.755282581475767 1.5450849718747381
1.8406227634233863 4.648882429441258
1.1519471333829487 4.865492554910634
-3.7918095764436153 3.259168626504387
3.8324650340467477 3.211263265882924
-3.211263265882927 3.832465034046745
-3.138456806453509 3.8923115078351116
2.463636707741476 -4.350918773347618
0.15705379539065742 -4.997532801828657
-2.6791339748949703 -4.221639627510084
4.25497240897347 -2.6258731498064614
-2.938926261462372 4.045084971874732
-4.9054525872166685 -0.9677473402543109
-0.09424219857702261 -4.999111761904046
3.7712569036805177 3.2829287787647843
4.725315375899023 1.6344401482747137
-1.4551808341413444 -4.783560257794157
-4.968056552600043 0.5642819243673983
-1.5151763481638556 -4.764896707586098
1.574932598276542 -4.7454807249514666
-4.764896707586091 -1.5151763481638794
4.735491524973721 1.6047180490360489
4.9282229757449905 0.8441672235636699
-3.282928778764772 -3.771256903680528
4.9605735065723895 0.6266661678215215
1.6344401482747313 -4.725315375899018
